4713023
58513298
61257673
42054548
60413923
99085798
1820173
37367048
99476423
6898298
3382673
57679548
63538923
39710798
29945173
2992048
52601423
97523298
81507673
73304548
66663923
80335798
58070173
68617048
5726423
88148298
59632673
88929548
69788923
20960798
86195173
34242048
58851423
78773298
37757673
4554548
72913923
61585798
14320173
99867048
11976423
69398298
15882673
20179548
76038923
2210798
42445173
65492048
65101423
60023298
94007673
35804548
79163923
42835798
70570173
31117048
18226423
50648298
72132673
51429548
82288923
83460798
98695173
96742048
71351423
41273298
50257673
67054548
85413923
24085798
26820173
62367048
24476423
31898298
28382673
82679548
88538923
64710798
54945173
27992048
77601423
22523298
6507673
98304548
91663923
5335798
83070173
93617048
30726423
13148298
84632673
13929548
94788923
45960798
11195173
59242048
83851423
3773298
62757673
29554548
97913923
86585798
39320173
24867048
36976423
94398298
40882673
45179548
1038923
27210798
67445173
90492048
90101423
85023298
19007673
60804548
4163923
67835798
95570173
56117048
43226423
75648298
97132673
76429548
7288923
8460798
23695173
21742048
