99719448
28086423
67148298
34632673
63929548
44788923
95960798
61195173
9242048
33851423
53773298
12757673
79554548
47913923
36585798
89320173
74867048
86976423
44398298
90882673
95179548
51038923
77210798
17445173
40492048
40101423
35023298
69007673
10804548
54163923
17835798
45570173
6117048
93226423
25648298
47132673
26429548
57288923
58460798
73695173
71742048
46351423
16273298
25257673
42054548
60413923
99085798
1820173
37367048
99476423
6898298
3382673
57679548
63538923
39710798
29945173
2992048
52601423
97523298
81507673
73304548
66663923
80335798
58070173
68617048
5726423
88148298
59632673
88929548
69788923
20960798
86195173
34242048
58851423
78773298
37757673
4554548
72913923
61585798
14320173
99867048
11976423
69398298
15882673
20179548
76038923
2210798
42445173
65492048
65101423
60023298
94007673
35804548
79163923
42835798
70570173
31117048
18226423
50648298
72132673
51429548
82288923
83460798
98695173
96742048
71351423
41273298
50257673
67054548
85413923
24085798
26820173
62367048
24476423
31898298
28382673
82679548
88538923
64710798
54945173
27992048
77601423
22523298
6507673
98304548
91663923
5335798
83070173
