1383973
71562048
31851423
3773298
62757673
29554548
97913923
86585798
39320173
24867048
36976423
94398298
40882673
45179548
1038923
27210798
67445173
90492048
90101423
85023298
19007673
60804548
4163923
67835798
95570173
56117048
43226423
75648298
97132673
76429548
7288923
8460798
23695173
21742048
96351423
66273298
75257673
92054548
10413923
49085798
51820173
87367048
49476423
56898298
53382673
7679548
13538923
89710798
79945173
52992048
2601423
47523298
31507673
23304548
16663923
30335798
8070173
18617048
55726423
38148298
9632673
38929548
19788923
70960798
36195173
84242048
8851423
28773298
87757673
54554548
22913923
11585798
64320173
49867048
61976423
19398298
65882673
70179548
26038923
52210798
92445173
15492048
15101423
10023298
44007673
85804548
29163923
92835798
20570173
81117048
68226423
648298
22132673
1429548
32288923
33460798
48695173
46742048
21351423
91273298
257673
17054548
35413923
74085798
76820173
12367048
74476423
81898298
78382673
32679548
38538923
14710798
4945173
77992048
27601423
72523298
56507673
48304548
41663923
55335798
33070173
43617048
80726423
63148298
34632673
63929548
44788923
95960798
