  2.460133904982918E-004 -3.388131789017201E-021
  1.810789050183909E-004  5.364541999277235E-021
  1.446306616569258E-004  2.258754526011467E-021
  1.241898063889298E-004  0.000000000000000E+000
  1.195980918800126E-004  2.258754526011467E-021
  1.194269188667965E-004  0.000000000000000E+000
  1.100902939143163E-004  6.776263578034403E-021
  1.815144310696972E-004 -2.258754526011467E-021
  2.105635680283661E-004  0.000000000000000E+000
  2.241167043813362E-004  6.776263578034403E-021
  2.230669858788852E-004  0.000000000000000E+000
  1.769948510413803E-004  7.058607893785836E-022
  1.359571471398775E-004 -2.258754526011467E-021
  1.528926504988350E-004 -2.258754526011467E-021
  3.042860068745955E-004 -5.646886315028669E-022
  4.035745026032991E-004  2.258754526011467E-021
  3.600079706833868E-004 -1.129377263005734E-021
  3.302372325288523E-004  0.000000000000000E+000
  3.603126240427479E-004 -2.823443157514334E-021
  4.030485197717548E-004  0.000000000000000E+000
  3.826087327886915E-004  1.129377263005734E-021
  3.433656911696408E-004 -3.388131789017201E-021
  3.404468608259724E-004  0.000000000000000E+000
  3.690281406319619E-004  7.058607893785836E-023
  2.843192672853303E-004  2.258754526011467E-021
  2.049902825595521E-004  0.000000000000000E+000
  2.259485235075959E-004  0.000000000000000E+000
  2.376517682225307E-004  9.035018104045870E-021
  3.005792257144326E-004  0.000000000000000E+000
  2.796950294842037E-004  0.000000000000000E+000
  2.060638435234697E-004  2.258754526011467E-021
  2.414598703221446E-004 -4.517509052022935E-021
  2.404216736949493E-004  2.258754526011467E-021
  3.158198288152850E-004 -1.129377263005734E-021
  3.783181973717488E-004 -2.258754526011467E-021
  2.827090428902391E-004  0.000000000000000E+000
  2.749017393087363E-004 -1.129377263005734E-021
  2.385566149764441E-004  0.000000000000000E+000
  2.731797410882909E-004 -2.258754526011467E-021
  2.635356795315376E-004  5.646886315028669E-022
  2.743894878154566E-004  5.646886315028668E-021
  2.680327778519006E-004  5.646886315028668E-021
  3.447247216863607E-004  3.388131789017201E-021
  2.650470466787672E-004  0.000000000000000E+000
  1.997452498374765E-004  3.952820420520068E-021
  1.861083211825361E-004 -1.129377263005734E-021
  3.144830731259699E-004 -3.952820420520068E-021
  4.095009602358433E-004 -5.646886315028669E-022
  3.361531922140667E-004  3.952820420520068E-021
  2.645230330526837E-004 -3.388131789017201E-021
  2.099105543417485E-004  4.517509052022935E-021
  1.339146632699668E-004 -5.646886315028668E-021
  9.956465789994536E-005 -2.258754526011467E-021
  1.107601877858379E-004  0.000000000000000E+000
  1.443669818945733E-004  3.388131789017201E-021
  1.222438178830094E-004 -3.388131789017201E-021
  1.292298502458661E-004  1.129377263005734E-021
  1.929203614721483E-004  1.129377263005734E-021
  1.591538459423937E-004 -4.517509052022935E-021
  1.733859929500458E-004  0.000000000000000E+000
  2.908057990598895E-004  2.258754526011467E-021
  2.995797701222180E-004  0.000000000000000E+000
  3.344481013375100E-004  2.258754526011467E-021
  4.414483844054514E-004  4.517509052022935E-021
  3.157851485091015E-004 -4.517509052022935E-021
  3.199718643675569E-004 -6.776263578034403E-021
  3.339316299898310E-004  0.000000000000000E+000
  1.746732128379951E-004 -1.129377263005734E-021
  2.888184558720848E-004  2.823443157514334E-022
  4.082914074398026E-004  7.905640841040135E-021
  3.557804522787331E-004 -4.517509052022935E-021
  2.363962284054978E-004 -4.517509052022935E-021
  3.239889154349878E-004  6.776263578034403E-021
  2.540773220878971E-004  2.258754526011467E-021
  2.511703766581241E-004 -3.388131789017201E-021
  1.526750133557842E-004  2.823443157514334E-022
  1.044529880753466E-004  4.517509052022935E-021
  9.029904348866060E-005 -2.258754526011467E-021
  6.909922150513850E-005  5.646886315028668E-021
  1.080074082046166E-004 -1.129377263005734E-021
  1.032006232938665E-004  1.411721578757167E-021
  1.493570908391808E-004 -2.258754526011467E-021
  1.556363900460862E-004  1.129377263005734E-021
  1.890935366649322E-004  1.129377263005734E-021
  2.841089592683889E-004  0.000000000000000E+000
  2.548511951771522E-004 -1.694065894508601E-021
  2.782843472506697E-004 -1.129377263005734E-021
  2.952625418484028E-004 -2.258754526011467E-021
  2.866561095742901E-004  0.000000000000000E+000
  2.503310014063538E-004  3.388131789017201E-021
  1.954068427601356E-004  0.000000000000000E+000
  1.257684385479160E-004  0.000000000000000E+000
  1.397133147966352E-004 -7.905640841040135E-021
  1.461794014119890E-004 -2.258754526011467E-021
  2.399679003535417E-004  0.000000000000000E+000
  2.473288690630902E-004 -4.517509052022935E-021
  4.206203047676730E-004  0.000000000000000E+000
  4.264960226785478E-004  2.823443157514334E-021
  3.765106144878016E-004 -4.517509052022935E-021
  4.329432321556625E-004  4.517509052022935E-021
  4.651908940424477E-004  0.000000000000000E+000
  5.292813803943269E-004  2.823443157514334E-021
  7.028266015913153E-004  2.258754526011467E-021
  4.917681657265059E-004 -2.823443157514334E-022
  3.612802997561937E-004 -5.646886315028669E-022
  4.066659163005267E-004  0.000000000000000E+000
  4.143932583242199E-004 -2.258754526011467E-021
  3.349992118058048E-004  2.258754526011467E-021
  3.270392586022093E-004 -5.646886315028669E-022
  2.788068460546470E-004 -3.105787473265768E-021
  2.181626491198715E-004  1.694065894508601E-021
  2.443362898684774E-004 -2.823443157514334E-021
  2.637660797434249E-004 -1.129377263005734E-021
  2.012752885091648E-004  1.129377263005734E-021
  2.562187770390055E-004  7.764468683164419E-021
  3.297517164610354E-004 -1.694065894508601E-021
  2.893949172466265E-004 -5.646886315028668E-021
  2.849022078048715E-004 -2.258754526011467E-021
  2.352167827885337E-004 -1.129377263005734E-021
  2.121517663497863E-004  1.835238052384317E-021
  1.619234359485740E-004 -4.517509052022935E-021
  1.840377671897842E-004 -1.129377263005734E-021
  1.673393238453435E-004 -1.694065894508601E-021
  1.839169573340499E-004 -2.823443157514334E-022
  2.067940119683906E-004  2.541098841762901E-021
  2.341433041145615E-004 -5.646886315028669E-022
  3.983891735268756E-004 -3.317545710079343E-021
  3.930196144829202E-004 -6.776263578034403E-021
  2.389717709514327E-004  0.000000000000000E+000
  1.990876643875144E-004  2.258754526011467E-021
  2.286190781263570E-004 -5.646886315028669E-022
  2.532099773075920E-004  1.129377263005734E-021
  3.718790476046183E-004  3.388131789017201E-021
  3.972139921779485E-004  0.000000000000000E+000
  3.656538332528366E-004 -4.235164736271502E-021
  2.176171628792432E-004  8.470329472543003E-022
  1.864185500202226E-004 -1.129377263005734E-021
  1.815337146386469E-004  2.258754526011467E-021
  1.796379919606396E-004  5.646886315028668E-021
  1.634867186125963E-004  2.258754526011467E-021
  1.539270597013967E-004  2.258754526011467E-021
  2.297726871090079E-004  6.776263578034403E-021
  1.478410291173219E-004  1.129377263005734E-021
  2.363528963588782E-004  1.129377263005734E-021
  2.347487082894386E-004 -2.823443157514334E-021
  1.764077408038254E-004 -4.517509052022935E-021
  1.434207025479901E-004  0.000000000000000E+000
  2.184563738018800E-004  0.000000000000000E+000
  2.797543386380776E-004  0.000000000000000E+000
  3.215133036079202E-004 -2.258754526011467E-021
  3.345120011728382E-004 -6.776263578034403E-021
  3.023366421071959E-004 -1.355252715606881E-020
  2.629024064820540E-004  9.035018104045870E-021
  2.306071774737490E-004  2.258754526011467E-021
  2.531533971442482E-004  4.588095130960793E-021
  2.906706938048264E-004 -6.776263578034403E-021
  2.615859358636505E-004  1.581128168208027E-020
  2.204405523527675E-004 -4.517509052022935E-021
  2.533096543573138E-004 -3.388131789017201E-021
  2.314906036236843E-004  5.646886315028669E-022
  3.031959866805813E-004  0.000000000000000E+000
  1.819815961343046E-004 -5.646886315028668E-021
  1.697683530031306E-004  2.258754526011467E-021
  1.886432622532493E-004 -4.517509052022935E-021
  1.722766002986159E-004  3.388131789017201E-021
  1.780887199326107E-004 -2.258754526011467E-021
  2.432240337767165E-004  9.035018104045870E-021
  2.910157285268333E-004  4.517509052022935E-021
  3.055334289799569E-004  2.258754526011467E-021
  2.962346414305441E-004  3.388131789017201E-021
  3.510301505130493E-004  0.000000000000000E+000
  2.726445526907036E-004 -5.646886315028669E-022
  3.510020368335978E-004  2.611684920700759E-021
  3.426442357999378E-004  5.646886315028669E-022
  3.194523308145541E-004  0.000000000000000E+000
  2.714614440875520E-004 -1.976410210260034E-021
  1.874345995694593E-004 -6.776263578034403E-021
  1.545002236250683E-004  6.776263578034403E-021
  1.905303649863072E-004 -1.355252715606881E-020
  2.592818260670272E-004  2.258754526011467E-021
  2.128753769830212E-004 -2.258754526011467E-021
  1.661815681377749E-004  2.258754526011467E-021
  1.474194986499570E-004 -5.646886315028668E-021
  9.807395175367311E-005  2.258754526011467E-021
  2.069709741159568E-004 -1.129377263005734E-021
  1.504596774969433E-004  5.646886315028669E-022
  1.811135752784622E-004 -2.258754526011467E-021
  1.750796108183315E-004  0.000000000000000E+000
  2.294347460442201E-004 -8.470329472543003E-022
  3.263945786039977E-004  0.000000000000000E+000
  4.125019510256680E-004  2.258754526011467E-021
  3.524249283141890E-004 -3.388131789017201E-021
  3.892063014380922E-004  0.000000000000000E+000
  3.260373926257401E-004 -3.952820420520068E-021
  3.290207194765630E-004  1.694065894508601E-021
  3.304756171587812E-004  1.129377263005734E-021
  2.959196504183877E-004  3.952820420520068E-021
  2.682119774728214E-004  1.129377263005734E-021
  3.108945642934467E-004 -1.129377263005734E-021
  2.934181169921761E-004  5.293955920339377E-022
