  2.061567784949112E-003  4.294424194878015E-004
  1.318379769764086E-003  2.577176033820530E-004
  1.150148064009237E-003  2.918260278395471E-004
  1.302803075057456E-003  2.988003960535464E-004
  1.075014458552271E-003  5.436860936783771E-004
  6.903725012387540E-004  5.993232988508741E-004
  1.175202159687766E-003  5.897498759051612E-004
  1.250842130450419E-003  7.444387724529585E-004
  1.886060148620064E-003  6.558307423613132E-004
  2.475387026339481E-003 -1.150820336386611E-004
  2.263694733659520E-003  7.511666059622079E-004
  1.960510719514111E-003  7.767488561621738E-004
  1.397312077573450E-003  6.442044514525568E-004
  1.480795454384038E-003  6.033778438580644E-004
  2.294022671534692E-003  1.056296147556585E-003
  2.844130607954974E-003  6.285983370078320E-004
  2.653613856635921E-003  8.260378736674604E-004
  2.758488140565256E-003 -9.423724015700314E-005
  3.169248239576048E-003 -1.031443530727990E-003
  3.158577289944813E-003 -9.284166092263942E-004
  2.800604595847069E-003 -8.522343740823004E-004
  2.869510228293987E-003 -9.059836876644897E-004
  2.872697061785022E-003 -3.339931663354019E-004
  2.992438876314799E-003  8.753513292549436E-005
  2.596649215861352E-003  1.549452437583336E-004
  2.226866040898886E-003 -3.561414650683587E-004
  2.057124947500225E-003 -1.207189885548297E-004
  1.976578118565862E-003 -3.677230673240055E-004
  2.596937798483565E-003 -6.177780407702313E-004
  2.589925468516908E-003 -1.095366933270925E-003
  2.135628641354500E-003 -1.070731670861505E-004
  2.360103616493461E-003  5.488361014815865E-004
  2.432831969127485E-003 -2.983521454400605E-004
  3.051391765963988E-003  9.411437829266072E-005
  3.370601054898767E-003  6.535938453128370E-005
  2.683898370443354E-003 -3.441181277699863E-004
  2.451959330505591E-003 -1.115349247429745E-003
  1.832608075223415E-003 -9.791872039728712E-004
  2.153543228819002E-003 -1.178571304305414E-003
  1.702644942855207E-003 -1.249865047316478E-003
  1.325601433301229E-003 -1.179137803660795E-003
  1.196049686745227E-003 -6.703071543798609E-004
  1.805629799826468E-003 -1.344648210878270E-003
  1.929990130406944E-003 -1.031436444058468E-003
  2.221897564548289E-003 -2.753854813238804E-004
  2.049563185270037E-003 -7.114762730881602E-004
  2.377632866506516E-003 -4.999845404194685E-004
  2.560637647059797E-003  9.440315944050850E-005
  2.385716987385756E-003  2.040219712924456E-004
  1.751807142989896E-003  4.268642805737324E-004
  1.498842475268240E-003  1.845712231644903E-005
  1.457355797537224E-003 -4.447603334194928E-004
  1.255879222402318E-003 -2.959332964197217E-004
  1.294009226671920E-003  1.527132739929377E-004
  1.784638244225853E-003  2.836284722630759E-004
  1.710380477095814E-003  1.342631650908497E-004
  1.402485429408048E-003 -2.933633543770162E-005
  1.966160695951718E-003 -2.792269866543868E-004
  1.504336429939822E-003 -6.565724740826115E-004
  1.221321794167101E-003 -8.106931906173246E-004
  1.329827285540544E-003 -1.499423482526739E-003
  1.550931193117925E-003 -1.969271783351527E-003
  1.738621024213942E-003 -1.734497862989240E-003
  2.604550022035640E-003 -1.041498894275171E-003
  2.074515735126923E-003 -6.141127753356862E-004
  2.586778705031423E-003 -2.705503741303373E-004
  2.781133102129877E-003 -7.734239965004252E-004
  2.216225069073203E-003 -5.107358896186835E-005
  2.623067877772229E-003  3.635120794748021E-004
  2.991519280690315E-003  3.359543863460703E-005
  2.543780924759625E-003  4.288308753381937E-004
  2.094375870258600E-003  2.612025772036101E-004
  2.873199549026510E-003  7.277331448643709E-004
  2.216421982971530E-003  1.297457161525377E-003
  2.183890707650620E-003  7.440999943079232E-004
  1.347529073373409E-003  9.099021927152526E-004
  1.298776823386228E-003  1.830186241685600E-004
  1.261923324844034E-003 -3.254934751141808E-006
  9.657682588066617E-004  3.209881406060873E-004
  1.458752978699213E-003  7.069560458321134E-004
  1.315193127863982E-003  3.048621872971164E-004
  1.656155926669689E-003 -1.451385526277730E-004
  1.656542132854051E-003  5.464048211155370E-004
  1.808074800784587E-003 -1.653646690674485E-004
  1.863874386623404E-003 -1.013423352826209E-003
  2.219562623769595E-003 -7.943009431420291E-004
  2.682910309976059E-003  4.904229612416425E-005
  2.972139940246402E-003  5.061611684815781E-005
  2.741267223746788E-003 -2.716336171998753E-004
  2.432209995287023E-003 -6.358974137024061E-004
  2.132726549500679E-003 -7.120249839839295E-004
  1.638041207403310E-003 -8.064598639223202E-004
  1.641256134240064E-003 -5.779798475025043E-004
  1.700451070683638E-003 -4.701342382169123E-004
  1.750509844301487E-003 -4.303783389507887E-004
  1.903401577754790E-003  1.248925689663752E-004
  3.338343786853491E-003  1.154206459262902E-004
  2.958678784974690E-003 -8.519391041522705E-004
  3.013820116817777E-003 -9.712316808785880E-005
  3.173318570019303E-003 -7.001255719678941E-005
  3.162587288585477E-003 -3.593681325093985E-005
  3.400952270904714E-003  5.606642464312331E-004
  4.130337611594188E-003 -2.319416570044200E-004
  3.376566790104421E-003  9.417019156584148E-004
  2.336034610225690E-003  1.441654204987061E-003
  2.434172571501324E-003  1.178523940367059E-003
  2.421812364152919E-003  1.215883357385147E-003
  2.397611370900035E-003  1.061649417870238E-003
  2.821310600848613E-003 -1.140551841600567E-004
  2.023275962468442E-003 -8.264255446719521E-004
  1.962868162916693E-003 -8.669515176752391E-004
  2.460465483985388E-003 -9.124107087203561E-004
  2.179611617195867E-003 -1.573323304399967E-003
  1.745137038596559E-003 -9.893445715451808E-004
  2.311816988796541E-003 -3.507217477982547E-004
  2.529673805030271E-003 -1.242719984141105E-003
  2.718911651379755E-003 -8.106178387827439E-004
  2.914532222922610E-003 -5.749573355453582E-004
  2.542303951793310E-003 -8.182656490638353E-004
  1.975955485012193E-003 -1.160419492931355E-003
  1.556416650380359E-003 -7.849412607209236E-004
  1.225825923220146E-003 -8.788765752846332E-004
  9.992948059404662E-004 -6.409121026330850E-004
  1.567833276701468E-003 -3.407545609032835E-004
  1.774053860861713E-003 -1.092503231713122E-003
  2.221025033939093E-003 -7.122383864849923E-004
  3.300069030917852E-003  6.841118811984609E-004
  3.046110046046240E-003  4.666774057879540E-004
  2.361721781326253E-003  2.083805128990813E-004
  2.017966075595966E-003  4.162330762160211E-004
  1.504803908644033E-003 -1.027474008739335E-004
  1.527003436251491E-003 -1.448570857053069E-004
  2.851141819520208E-003  3.309015946481365E-004
  2.081762393171825E-003 -6.929330051752984E-005
  2.556229440359238E-003 -4.082518355813325E-004
  1.963959523476114E-003 -3.930240295304916E-004
  1.617375024207077E-003 -2.906400216046229E-004
  1.130664534104293E-003  4.085541966129437E-004
  1.287317313394912E-003  6.326648638071018E-004
  1.450543961640585E-003  3.332282994902377E-004
  1.335883987845757E-003  2.528074305977290E-004
  2.056077535125594E-003 -2.617720621492557E-005
  1.886481334721126E-003 -6.277125254325287E-005
  2.290884512171886E-003 -2.712444865733624E-004
  2.263854675428319E-003 -1.234456991153287E-004
  1.930546319007639E-003 -5.553818556898865E-004
  1.633339019638138E-003 -1.500805785700707E-004
  2.326634597127608E-003  6.030465969042962E-004
  2.682736003192909E-003  7.488161528729100E-004
  2.853690751301516E-003  4.822132246701324E-004
  2.791069640438647E-003 -2.763204901309415E-005
  2.562616914044167E-003 -3.692076177738321E-004
  2.547864543045951E-003  1.301168245307515E-004
  2.117469629777983E-003  7.679991080927016E-004
  1.789557347094553E-003  1.082591989933732E-003
  2.624278302304689E-003  7.694546756577362E-004
  1.816260887726776E-003  4.970376265280275E-004
  1.292189423444530E-003  7.570592989287249E-004
  2.003730405737428E-003  6.458650079837797E-004
  2.401425186458656E-003  7.060376123174174E-004
  2.791378089700297E-003  1.769436842656590E-004
  2.002954863845301E-003  1.025756254108722E-003
  1.442640931497382E-003  1.251306184010735E-003
  2.077457798952994E-003  9.025092796178126E-004
  1.879259380972198E-003  3.946415918252098E-004
  1.633999597766272E-003  4.875382123910929E-004
  1.479359215326830E-003  1.430528790824086E-003
  2.200341183988645E-003  1.317463231753563E-003
  2.685805143205231E-003  4.991002836437756E-004
  2.581828304344709E-003  8.833921806445466E-004
  2.935071964655065E-003  1.004923059681250E-003
  2.199115856924387E-003  1.047163031048644E-004
  2.702483341616948E-003 -8.339560803700965E-004
  2.879167215275044E-003 -1.288325661751540E-003
  2.940515682753954E-003 -4.022761933708806E-004
  2.722797129881498E-003 -2.456692358975562E-004
  2.179846277597955E-003 -3.391906243531797E-004
  1.782996841206985E-003  2.280729353856176E-004
  1.861261507095076E-003  8.796409064740489E-004
  2.033508210988680E-003  1.160398882444350E-003
  2.031507861597013E-003  7.703363732812685E-004
  1.723265433161047E-003  6.069405502543170E-004
  1.397438299168935E-003  6.671613139300151E-004
  1.200710751700362E-003  5.820100123103189E-004
  2.191561310454069E-003  4.816166808591353E-004
  1.810580575579844E-003  7.446330872025267E-004
  1.761895071796811E-003  4.175869478038706E-004
  1.666686158646580E-003  7.900696797961291E-004
  2.068355942198317E-003  3.092678226251144E-004
  2.220200079968236E-003 -7.729822327037133E-004
  2.967018481518317E-003 -7.562524745204533E-004
  3.003340237255963E-003  1.799597721526752E-004
  3.240405097121469E-003  3.308017246945851E-004
  2.853675070711375E-003 -7.481628861575299E-004
  3.063883078076506E-003 -5.535434845020316E-004
  2.419721609693894E-003 -2.605750581103223E-004
  2.030119921836726E-003 -2.033160585005652E-004
  1.821711184767061E-003 -3.554459439409880E-004
  1.968808993909109E-003  2.481434993316448E-004
  2.095526717736859E-003  8.850972537618246E-004
