  6.211399194272628E-004
  5.767839693837161E-004
  4.621776396822269E-004
  4.478157605095909E-004
  5.193016990174735E-004
  5.295023548163719E-004
  6.015723074092621E-004
  6.734484290109300E-004
  6.477516770245281E-004
  6.313518187409262E-004
  6.086092804644589E-004
  5.418370264503788E-004
  4.301836308154510E-004
  4.656801311568895E-004
  5.126851911738005E-004
  6.794785020274987E-004
  7.268224056942804E-004
  6.722484713128162E-004
  5.683264430094950E-004
  6.324617074344535E-004
  6.662939648549989E-004
  6.764269877936266E-004
  6.411741764368186E-004
  6.091981641401564E-004
  5.189074733027515E-004
  5.002922146233787E-004
  5.313030036606673E-004
  6.415677625705514E-004
  6.557005225712542E-004
  6.389177445545693E-004
  7.051978051020114E-004
  7.783210994037055E-004
  7.308753751389870E-004
  7.356578120485145E-004
  7.861184230042357E-004
  7.225138283307089E-004
  7.308005690650921E-004
  6.660069737422799E-004
  6.741022555515929E-004
  5.772266355482833E-004
  5.837768370560898E-004
  5.968567472978950E-004
  7.184087129270196E-004
  6.437533859674689E-004
  5.593058570523150E-004
  5.551364487722946E-004
  7.185618063640040E-004
  7.552886364746809E-004
  7.120875972425766E-004
  7.414780941261232E-004
  7.545720907597576E-004
  5.749139273280455E-004
  4.125541882313195E-004
  4.308043718136330E-004
  4.899561208090409E-004
  4.435529825208995E-004
  4.611106924669145E-004
  5.593481980561707E-004
  5.730691661380393E-004
  6.017326471665948E-004
  7.436191779588619E-004
  8.124606606699307E-004
  8.222550661132423E-004
  8.316183939899422E-004
  7.076624089197271E-004
  6.767535877310930E-004
  6.535451722569144E-004
  5.093925099970693E-004
  5.557843099665441E-004
  6.201746888207607E-004
  6.203689163469328E-004
  5.809504183632395E-004
  5.829979869968450E-004
  5.544322454434553E-004
  5.533837591318830E-004
  5.144098657669356E-004
  5.130834385628513E-004
  5.048232032394010E-004
  5.832989637682254E-004
  5.657131220154019E-004
  5.770548763695418E-004
  6.306826956158572E-004
  6.768465347197059E-004
  6.358239336162982E-004
  5.715264415088275E-004
  4.856144764708933E-004
  5.310530879758397E-004
  5.970725911794601E-004
  6.455784322222038E-004
  6.193654400653120E-004
  6.341804596422345E-004
  5.857687933612024E-004
  6.244715698683141E-004
  7.460296419430467E-004
  8.031657333762384E-004
  7.453065623645781E-004
  7.541617338215392E-004
  7.136945764707808E-004
  7.005254424266074E-004
  8.864495139843761E-004
  9.918449073334275E-004
  1.055760037980761E-003
  1.063229582377047E-003
  8.435409933609801E-004
  6.592186590065258E-004
  6.615245163147150E-004
  7.107912840509338E-004
  6.760049146269872E-004
  5.959060081718172E-004
  5.310965522250348E-004
  4.945714222092158E-004
  4.962434960050178E-004
  5.095946373153430E-004
  4.850107211982857E-004
  5.705396609143141E-004
  5.664703583040007E-004
  4.980997019596078E-004
  4.979296121270172E-004
  4.967792324530684E-004
  4.637088876285431E-004
  4.026275705227820E-004
  4.082380209643405E-004
  4.446368470744657E-004
  4.931936368113074E-004
  4.879286346148251E-004
  5.044416453712237E-004
  5.893389614570659E-004
  5.648830660355950E-004
  4.997853811535185E-004
  4.512646035762247E-004
  4.837604189460245E-004
  5.217174962654543E-004
  6.937910408351362E-004
  6.839748331560095E-004
  6.590236871407566E-004
  5.694508224783170E-004
  5.480559627412658E-004
  5.265898188101930E-004
  6.043402873910977E-004
  6.300581818934153E-004
  6.514529142271335E-004
  7.781114555044687E-004
  6.172109002106263E-004
  6.033561089137282E-004
  6.530518542648940E-004
  6.648727722968202E-004
  5.912808149416146E-004
  6.065207432602832E-004
  7.016527405493310E-004
  8.058042755917046E-004
  7.611616548752272E-004
  7.184281260727774E-004
  7.366802399311526E-004
  6.686517498095799E-004
  6.708112309286775E-004
  8.162989759574387E-004
  8.377672392253930E-004
  6.578564519524633E-004
  6.247534725816793E-004
  5.859529816993528E-004
  6.836502915397430E-004
  5.751029434894692E-004
  5.447014116260864E-004
  5.241409540460873E-004
  5.055180056177296E-004
  5.269981492729958E-004
  6.746105127362287E-004
  7.087373031140826E-004
  6.668392253076374E-004
  6.020817309131658E-004
  6.290915014984594E-004
  5.809479413459062E-004
  5.985980697884544E-004
  5.774269267758322E-004
  5.898671384316889E-004
  5.799802168085007E-004
  5.837398031590367E-004
  5.886389190609876E-004
  7.042370854016000E-004
  7.530338862733707E-004
  6.347065453895889E-004
  5.603988939750351E-004
  5.658249996297808E-004
  5.100165457732052E-004
  5.921499723234796E-004
  6.001468763169219E-004
  6.178480708093023E-004
  5.865154484139149E-004
  5.394711935418677E-004
  6.424252925946177E-004
  7.870675070628610E-004
  9.038557597408398E-004
  9.129500009758608E-004
  8.182040178014488E-004
  7.473250027773628E-004
  7.166919040893133E-004
  6.614490106745491E-004
  6.567215894222919E-004
  6.744916614086907E-004
  6.228729445751794E-004
