 -4.071449544278233E-002
 -2.827493873486741E-002
 -2.413538696811889E-002
 -2.379655565298971E-002
 -2.169977365486031E-002
 -1.618509457988551E-002
 -2.296695208338608E-002
 -2.657399850513123E-002
 -3.756543632932732E-002
 -4.807599185002534E-002
 -4.353513030035305E-002
 -3.846647718587282E-002
 -2.815911412244345E-002
 -2.785994981824599E-002
 -4.482000556332964E-002
 -5.574547277774868E-002
 -5.277760241006470E-002
 -5.677088888809102E-002
 -6.029885324566078E-002
 -6.130638036683090E-002
 -5.495312522707677E-002
 -5.671918079202957E-002
 -5.580402742774073E-002
 -5.693383327190835E-002
 -5.159343362649405E-002
 -4.337648208729689E-002
 -4.111829605756042E-002
 -4.100945466032375E-002
 -4.893290068961849E-002
 -4.980878937177174E-002
 -4.287060829862868E-002
 -5.038398634403363E-002
 -5.077346012379703E-002
 -5.843517789297555E-002
 -6.089766509043416E-002
 -5.077895057981603E-002
 -4.944673635910526E-002
 -3.843113138057970E-002
 -4.326948246532185E-002
 -3.737726153298274E-002
 -3.403734426432348E-002
 -3.046838667001378E-002
 -3.922720957016509E-002
 -4.090669307741761E-002
 -4.502484208121330E-002
 -4.119898376922322E-002
 -4.778488624161016E-002
 -4.951806281743774E-002
 -4.469581257535100E-002
 -3.747913895678835E-002
 -3.369580179191682E-002
 -3.132749774113927E-002
 -2.602576662170288E-002
 -2.564243210663787E-002
 -3.364471688851971E-002
 -3.221937829523246E-002
 -2.706642901427823E-002
 -3.704137695219599E-002
 -3.181280856065967E-002
 -3.018757002047581E-002
 -3.307293481281069E-002
 -3.631958520805480E-002
 -3.998610145720102E-002
 -5.252189089295979E-002
 -4.163104344774544E-002
 -5.002359087730884E-002
 -5.247732752099710E-002
 -4.398092709483495E-002
 -5.160393369759499E-002
 -5.736417331338681E-002
 -5.074384090254241E-002
 -4.149630964070281E-002
 -5.381041884212462E-002
 -4.445556325637376E-002
 -4.238942917625137E-002
 -2.876482988264127E-002
 -2.905449763344979E-002
 -2.868892192333585E-002
 -2.298398974332637E-002
 -3.232132101649093E-002
 -2.714617217396983E-002
 -3.400331230472704E-002
 -3.329469197687813E-002
 -3.740013667802595E-002
 -4.138161470681471E-002
 -4.578521087475166E-002
 -5.231489643354367E-002
 -5.660548502782062E-002
 -5.338390256513575E-002
 -4.677702828450746E-002
 -4.101889180492858E-002
 -3.477463045434345E-002
 -3.437105870293442E-002
 -3.572863203535900E-002
 -3.576880849972772E-002
 -4.033271908512556E-002
 -6.719142650607984E-002
 -5.954483634604396E-002
 -5.868656865707915E-002
 -6.238228699364945E-002
 -6.573947725090888E-002
 -6.849958707428627E-002
 -7.440118132977674E-002
 -6.590643947780114E-002
 -4.995892914747716E-002
 -5.136669434020678E-002
 -5.150526601443629E-002
 -4.907341763825043E-002
 -5.507610130316409E-002
 -4.356249783268108E-002
 -4.228572782293186E-002
 -4.808154505268153E-002
 -4.707911863829498E-002
 -3.868047077296415E-002
 -4.716027643241127E-002
 -5.052003052064367E-002
 -5.193817337224192E-002
 -5.515191010417625E-002
 -4.961924230101490E-002
 -4.091855425403091E-002
 -3.264411754277705E-002
 -2.729430170118680E-002
 -2.251357044784735E-002
 -3.177825498398597E-002
 -3.615459421085526E-002
 -4.387877796846480E-002
 -6.043841762706843E-002
 -5.881470991723405E-002
 -4.660909765493398E-002
 -4.058115078180828E-002
 -3.214118268441551E-002
 -3.115579210118252E-002
 -5.487747535242636E-002
 -4.201535756932887E-002
 -4.864689130845436E-002
 -4.136844986455228E-002
 -3.685891226404108E-002
 -2.954434014475934E-002
 -3.220010343002394E-002
 -3.197554170687293E-002
 -2.943921889326132E-002
 -4.189593357178819E-002
 -3.918960736319905E-002
 -4.384108026738016E-002
 -4.378323675396537E-002
 -4.157314244949178E-002
 -3.557309095524527E-002
 -4.587292093903651E-002
 -5.472431433046936E-002
 -5.602947345510627E-002
 -5.377366047646689E-002
 -4.944733451150998E-002
 -4.937713044426677E-002
 -4.428120113057782E-002
 -4.015497453856763E-002
 -5.321532400873290E-002
 -3.869423478362771E-002
 -3.008172022026818E-002
 -4.313685990882006E-002
 -5.052181572463361E-002
 -5.733029263225613E-002
 -4.620641446041261E-002
 -3.462626087697129E-002
 -4.594417825593272E-002
 -4.312398924126635E-002
 -4.050532213198711E-002
 -3.430910748671339E-002
 -4.540194577960097E-002
 -5.389304006423071E-002
 -5.374959942677046E-002
 -5.820988039861038E-002
 -4.565746238764919E-002
 -5.123150421587411E-002
 -5.585990567305547E-002
 -5.713739158116368E-002
 -5.518519389897627E-002
 -4.944383540281704E-002
 -4.184814299875663E-002
 -4.074422737202649E-002
 -4.061631210702319E-002
 -4.037985914489280E-002
 -3.716895516318611E-002
 -3.095224677612050E-002
 -2.781794791231147E-002
 -4.446478073448006E-002
 -3.891972102991521E-002
 -3.956325402118700E-002
 -3.819871793683988E-002
 -4.312324146175817E-002
 -4.523159382674828E-002
 -5.816224887011452E-002
 -6.011341290450145E-002
 -6.325976539771581E-002
 -5.700065496780324E-002
 -5.907237612376567E-002
 -4.886521664558677E-002
 -4.040509530279005E-002
 -3.790048458304060E-002
 -4.260212292252624E-002
 -4.489281195893638E-002
