  7.018374101568536E-002
  4.847372899018857E-002
  4.170125822564426E-002
  4.489675668755719E-002
  4.013451914371544E-002
  2.721485665371181E-002
  4.152718837361023E-002
  4.540859264489455E-002
  6.518852446143439E-002
  7.986127503146896E-002
  7.497453875389561E-002
  6.562823920625928E-002
  4.815491150324622E-002
  4.879245117011766E-002
  7.623069512966175E-002
  9.381823879037855E-002
  8.849115978422546E-002
  9.193779202715174E-002
  0.101449388470331
  0.101537944436740
  8.916220380515015E-002
  9.168830597741275E-002
  9.213409952513742E-002
  9.691713075845006E-002
  8.669313097558985E-002
  7.437091765513236E-002
  6.929641762101790E-002
  6.777543542269973E-002
  8.544811665731693E-002
  8.418924557383384E-002
  7.052615819358343E-002
  7.764807918648425E-002
  8.098403260710875E-002
  9.778837540314844E-002
  0.106121211849742
  8.677340219677282E-002
  8.252559458355968E-002
  6.570486817788644E-002
  7.405894165880506E-002
  5.999421841694123E-002
  5.167405946252145E-002
  4.690723817215276E-002
  6.626080383798090E-002
  6.465779162128868E-002
  7.274725070686351E-002
  6.849939647479353E-002
  8.121225631305934E-002
  8.505106957323573E-002
  7.702317468518877E-002
  6.096788908016216E-002
  5.198107781745037E-002
  5.024030406900535E-002
  4.389360200859052E-002
  4.558771308124387E-002
  5.890198789726762E-002
  5.718573691707257E-002
  4.628190531259870E-002
  6.263559642244743E-002
  4.998476331673751E-002
  4.227936757171061E-002
  4.701076122764691E-002
  5.690930342987915E-002
  6.493361255206359E-002
  8.827224228434576E-002
  6.793318911387607E-002
  8.105328908084836E-002
  8.879228477684403E-002
  7.304390702128137E-002
  8.694339545070436E-002
  9.785034799553993E-002
  8.663051575105155E-002
  7.148774409441278E-002
  9.340767111427441E-002
  7.471554692185116E-002
  7.145335876698945E-002
  4.777934967007641E-002
  4.662379161379530E-002
  4.313600699945848E-002
  3.363808642355490E-002
  5.044576552432053E-002
  4.473768574110701E-002
  5.607206010768419E-002
  5.742345040911157E-002
  6.253204086583847E-002
  6.705992175228934E-002
  7.617312701192129E-002
  8.756552317943761E-002
  9.657345439737212E-002
  9.048512941411553E-002
  8.148768698152448E-002
  7.209707444040946E-002
  5.726023460167993E-002
  5.827293435885970E-002
  5.948709938176416E-002
  5.793976226986511E-002
  6.414976340368697E-002
  0.108132803062155
  9.649796744143202E-002
  9.323771192114202E-002
  9.826448764977981E-002
  0.103302907200414
  0.110039730902932
  0.129889774527322
  0.110735928894987
  8.245205195743389E-002
  8.568858591541834E-002
  8.384447607973855E-002
  7.863211508191940E-002
  9.148650891206472E-002
  7.056289888183838E-002
  6.783974853270146E-002
  8.165263598590573E-002
  7.529542382513389E-002
  6.081409223744313E-002
  7.699337157990287E-002
  8.542118385425289E-002
  8.948650169111487E-002
  9.445763651371518E-002
  8.339378941474435E-002
  6.680539165957516E-002
  5.366713538856278E-002
  4.575009875298010E-002
  3.861109243914156E-002
  5.556989736274603E-002
  6.222418779520960E-002
  7.442208602491496E-002
  0.104188977548570
  9.899112026907859E-002
  7.781027787082724E-002
  6.939468616397922E-002
  5.617610071346125E-002
  5.604989678811449E-002
  9.588389382643370E-002
  7.368157801623301E-002
  8.473842764099215E-002
  6.878583523160985E-002
  5.820050902126799E-002
  4.076264676405161E-002
  4.481438267239212E-002
  4.700967788320969E-002
  4.679219895198471E-002
  6.979104834429188E-002
  6.368141813302866E-002
  7.493142409301683E-002
  7.421562451581282E-002
  6.515490568120111E-002
  5.584033894090018E-002
  7.834770120665466E-002
  8.868377630446432E-002
  9.288597777480502E-002
  8.958212902772933E-002
  8.090793286901177E-002
  8.307665524749727E-002
  7.121549200795817E-002
  6.513678342597795E-002
  8.779489764017956E-002
  6.481691021012673E-002
  4.824864541977079E-002
  6.767687245738621E-002
  7.899356486799958E-002
  9.137166188594471E-002
  6.849640542460320E-002
  5.246290383155428E-002
  7.072875743522850E-002
  6.497008540819854E-002
  5.843738022087794E-002
  5.613197503556335E-002
  7.496201569512558E-002
  8.876453709718182E-002
  8.538545512452220E-002
  9.473903247790008E-002
  7.283441086408637E-002
  8.727649645192617E-002
  9.384345179247361E-002
  9.485171871845989E-002
  8.884699985074761E-002
  7.305646286740022E-002
  6.171537190318185E-002
  6.483238604233825E-002
  6.900653161276447E-002
  6.903534816171496E-002
  6.016401475622591E-002
  4.879257857453384E-002
  4.260601266077745E-002
  7.242822808613909E-002
  6.150003805036057E-002
  5.851187274437247E-002
  5.547181148707558E-002
  6.513946494907519E-002
  7.186125430917961E-002
  9.049458662163340E-002
  9.270159216363189E-002
  0.101034784779671
  9.096882747207453E-002
  9.739952278344943E-002
  8.111042991039608E-002
  6.696224488427745E-002
  5.890952854207887E-002
  6.476839191362083E-002
  6.983434696831135E-002
