  7.421644025816797E-002
  4.746167171150718E-002
  4.140533030433255E-002
  4.690091070206859E-002
  3.870052050788174E-002
  2.485341004459518E-002
  4.230727774875975E-002
  4.503031669621507E-002
  6.789816535032264E-002
  8.911393294822076E-002
  8.149301041174199E-002
  7.057838590250784E-002
  5.030323479264399E-002
  5.330863635782525E-002
  8.258481617524867E-002
  0.102388701886379
  9.553009883889307E-002
  9.930557306034911E-002
  0.114092936624738
  0.113708782438013
  0.100821765450495
  0.103302368218583
  0.103417094224260
  0.107727799547333
  9.347937177100848E-002
  8.016717747236009E-002
  7.405649811000836E-002
  7.115681226837112E-002
  9.348976074540852E-002
  9.323731686660922E-002
  7.688263108876206E-002
  8.496373019376439E-002
  8.758195088858978E-002
  0.109850103574703
  0.121341637976355
  9.662034133596058E-002
  8.827053589820136E-002
  6.597389070804310E-002
  7.752755623748406E-002
  6.129521794278741E-002
  4.772165159884448E-002
  4.305778872282808E-002
  6.500267279375305E-002
  6.947964469464998E-002
  7.998831232373838E-002
  7.378427466972146E-002
  8.559478319423466E-002
  9.218295529415295E-002
  8.588581154588718E-002
  6.306505714763623E-002
  5.395832910965651E-002
  5.246480871134017E-002
  4.521165200648337E-002
  4.658433216018899E-002
  6.424697679213033E-002
  6.157369717544967E-002
  5.048947545868973E-002
  7.078178505426183E-002
  5.415611147783370E-002
  4.396758459001548E-002
  4.787378227945953E-002
  5.583352295224548E-002
  6.259035687170177E-002
  9.376380079328320E-002
  7.468256646456929E-002
  9.312403338113087E-002
  0.100120791676676
  7.978410248663556E-002
  9.443044359980002E-002
  0.107694694104851
  9.157611329134670E-002
  7.539753132930983E-002
  0.103435183764954
  7.979119138697520E-002
  7.862006547542252E-002
  4.851104664144309E-002
  4.675596564190416E-002
  4.542923969438523E-002
  3.476765731703965E-002
  5.251510723317150E-002
  4.734695260310357E-002
  5.962161336010900E-002
  5.963551678274594E-002
  6.509069282824551E-002
  6.709947791844285E-002
  7.990425445570500E-002
  9.658477115913817E-002
  0.106997037848870
  9.868562005488477E-002
  8.755955983033267E-002
  7.677815578202431E-002
  5.896948346651898E-002
  5.908522083264267E-002
  6.121623854461075E-002
  6.301835439485390E-002
  6.852245679917181E-002
  0.120180376326726
  0.106512436259089
  0.108497524205440
  0.114239468520695
  0.113853142389077
  0.122434281752569
  0.148692154017390
  0.121556404443759
  8.409724596812536E-002
  8.763021257404736E-002
  8.718524510950519E-002
  8.631400935240124E-002
  0.101567181630550
  7.283793464886354E-002
  7.066325386500096E-002
  8.857675742347354E-002
  7.846601821905100E-002
  6.282493338947613E-002
  8.322541159667576E-002
  9.106825698108957E-002
  9.788081944967127E-002
  0.104923160025214
  9.152294226455887E-002
  7.113439746043923E-002
  5.603099941369271E-002
  4.412973323592523E-002
  3.597461301385672E-002
  5.644199796125269E-002
  6.386593899102164E-002
  7.995690122180758E-002
  0.118802485113042
  0.109659961657665
  8.502198412774480E-002
  7.264677872145450E-002
  5.417294071118522E-002
  5.497212370505344E-002
  0.102641105502728
  7.494344615418574E-002
  9.202425985293242E-002
  7.070254284514002E-002
  5.822550087145506E-002
  4.070392322775460E-002
  4.634342328221693E-002
  5.221958261906105E-002
  4.809182356244721E-002
  7.401879126452152E-002
  6.791332804996023E-002
  8.247184243818766E-002
  8.149876831541947E-002
  6.949966748427516E-002
  5.880020470697309E-002
  8.375884549659432E-002
  9.657849611494482E-002
  0.102732867046855
  0.100478507055792
  9.225420890558972E-002
  9.172312354965415E-002
  7.622890667200710E-002
  6.442406449540408E-002
  9.447401888296927E-002
  6.538539195816392E-002
  4.651881924400313E-002
  7.213429460654720E-002
  8.645130671251178E-002
  0.100489611229211
  7.210637509843104E-002
  5.193507353390560E-002
  7.478848076230815E-002
  6.765333771499912E-002
  5.882398551958593E-002
  5.325693175176589E-002
  7.921228262359165E-002
  9.668898515538818E-002
  9.294581895640971E-002
  0.105662590727582
  7.916817084927764E-002
  9.728940029821008E-002
  0.103650019749902
  0.105858564579142
  9.802069667573426E-002
  7.847446599352612E-002
  6.418788628345158E-002
  6.700541425542304E-002
  7.320629559559216E-002
  7.313428301749225E-002
  6.203755559379776E-002
  5.030777877008166E-002
  4.322558706121307E-002
  7.889620717634666E-002
  6.518090072087421E-002
  6.342822258468503E-002
  6.000070171127651E-002
  7.446081391913957E-002
  7.992720287885655E-002
  0.106812665334659
  0.108120248541214
  0.116654583496373
  0.102732302545609
  0.110299790810754
  8.710997794898022E-002
  7.308431718612196E-002
  6.558160265161403E-002
  7.087712378072787E-002
  7.543896183852725E-002
