  1.968257107471461E-004
 -7.307591869236058E-005
  1.841909350237449E-005
 -4.279148197342328E-006
 -3.474233139163133E-004
 -1.302907366132750E-004
 -1.004147445543685E-005
 -9.373957507370577E-005
 -5.277096710430777E-005
  3.698998924758710E-004
  3.512350230521618E-004
  3.284929142935991E-004
 -5.213672069447218E-005
  2.134406441061828E-004
  2.574561295232923E-004
  2.233931425996627E-004
  8.255486752102464E-005
  1.299258304206408E-004
  4.193114817351823E-004
  4.342734542495316E-004
  4.338234592571684E-004
  4.474336224775438E-004
  4.369932417045210E-004
  5.208078869786974E-004
  2.184380140117840E-004
  1.359104677244950E-004
  1.561032835896497E-004
 -4.359243917858622E-006
  4.352930653202950E-004
  3.729858589301819E-004
  1.315347383312180E-004
 -9.127156559024448E-005
 -5.264102296904518E-006
  4.864193363794478E-004
  8.650322791285688E-004
  6.109878611612334E-004
  8.872581555144184E-005
 -1.981203402347854E-004
 -3.038880793688865E-005
 -9.915201459562359E-005
 -4.005787921922264E-004
 -3.257306944947368E-004
 -1.497096919357713E-004
  2.918772680311977E-004
  3.750211572107962E-004
  1.730197329762809E-004
 -6.423618710132609E-006
  2.221557363411037E-004
  3.691503658122842E-004
 -5.370722349396656E-005
 -7.140240408201778E-005
 -1.147111790075935E-004
 -5.931479078335818E-005
 -1.341928316670370E-004
  2.515732786298679E-004
  1.940225104366664E-004
  1.507601333561031E-004
  4.244918816663819E-004
  2.392752481287995E-004
 -9.365577369006584E-005
 -1.945676822238925E-004
 -1.812678911249289E-004
 -1.491667944075613E-004
  1.145428597847232E-004
  1.077136167156795E-004
  3.527655018274530E-004
  4.154686342145648E-004
  1.630074526633837E-004
  2.839130004257241E-004
  4.425063124469251E-004
  1.596137884988643E-004
  6.546596707017360E-005
  2.541677661410816E-004
  4.920996543118709E-005
  2.840623137251280E-004
  5.209211027226632E-005
 -9.158977598032957E-005
  7.706912467753235E-006
 -4.158926063989584E-005
 -2.322949542067095E-005
  2.148301539203977E-004
  1.222994377969482E-004
  9.672894862442211E-005
  2.579843530900805E-004
 -6.887101800943127E-006
  4.705440638767071E-005
  2.514192763149206E-004
  2.908701423249189E-004
  1.945802070104328E-004
  1.303621536700953E-004
 -2.873080333349958E-005
 -1.645186918223471E-004
 -3.216333185600629E-004
 -3.581607926465706E-004
  1.111857077211624E-004
  1.339431412674964E-005
  2.882706336245667E-004
  2.468017706833917E-004
  5.446414065956259E-004
  5.810641442211528E-004
 -1.326656045312734E-004
  2.543639347258903E-005
  8.349168282496467E-004
  3.482977982075320E-004
 -1.215512915239004E-005
 -1.747769738941476E-005
  1.156228929935159E-004
  2.248471758531088E-004
  3.414175190142187E-004
 -1.156674737166871E-004
  1.483486363901219E-005
  3.690533630492215E-004
  7.445957549850820E-005
  8.324414830033193E-005
  2.775290667234548E-004
  2.655124386987973E-004
  3.753302786679644E-004
  4.518930407888124E-004
  3.131647876097785E-004
  7.899208076443426E-005
  9.737185639255668E-005
 -1.157012019475900E-004
 -1.500267034204627E-004
  1.560710314014532E-004
  9.917850501142458E-005
  9.635084395451577E-005
  5.390374318967934E-004
  4.091395202531700E-004
  1.812115302206843E-004
 -2.396248190887154E-006
 -9.664003865215641E-005
  2.519939072844825E-005
  1.464543030633468E-004
 -1.090398970533410E-004
  2.469542068431386E-004
 -1.366663641036849E-004
 -1.655900231011888E-004
 -1.564935030917957E-004
 -1.293220533514709E-004
  2.577705719889639E-005
 -9.359329508500298E-005
 -2.404620963831084E-005
  3.617024184572774E-005
  3.280323544837336E-004
  1.115421372843315E-004
 -1.331514375413800E-004
 -1.354826359868408E-004
  5.638083021498822E-005
  1.820672951805783E-004
  2.297810044728861E-004
  3.524165029802490E-004
  3.574203252662223E-004
  1.592339021439508E-004
  2.057118529779432E-004
 -2.217229444450351E-004
  1.034741173190835E-004
 -2.280752871575849E-004
 -6.201950063451181E-005
  1.359729001229569E-004
  3.030340651010025E-004
  3.585877714568689E-004
 -3.908453342585128E-006
 -1.025447124809583E-004
 -3.470847273967863E-005
 -2.047961716147364E-004
 -1.964992712688896E-004
 -1.557089425972091E-004
  2.047900148957019E-004
  2.000397831418857E-004
  1.679270735293797E-004
  4.085775055971009E-004
  2.012305726748465E-004
  3.870006851359409E-004
  3.300718896533941E-004
  3.412487019993634E-004
  1.426936880450024E-004
 -7.375064213102537E-005
 -1.691028840904570E-005
  1.116114054313223E-004
  2.982988061504063E-005
 -1.407890112693065E-004
 -1.586075584407140E-004
 -9.047520537844314E-005
 -2.430141576995376E-004
  1.089769663546015E-004
 -9.673964978333883E-005
 -9.065080784823353E-005
  8.679521996301286E-005
  3.377241774063029E-004
  2.934126926020958E-004
  6.357388374779549E-004
  4.368302565468935E-004
  6.905360025816024E-004
  4.194371997801923E-004
  3.980715067097791E-004
  2.249304777378812E-005
  2.122138735515502E-004
  3.572525803130628E-004
  3.286502402549571E-004
  2.876356603710237E-004
