98054923
84610798
2445173
65492048
65101423
60023298
94007673
35804548
79163923
42835798
70570173
31117048
18226423
50648298
72132673
51429548
82288923
83460798
98695173
96742048
71351423
41273298
50257673
67054548
85413923
24085798
26820173
62367048
24476423
31898298
28382673
82679548
88538923
64710798
54945173
27992048
77601423
22523298
6507673
98304548
91663923
5335798
83070173
93617048
30726423
13148298
84632673
13929548
94788923
45960798
11195173
59242048
83851423
3773298
62757673
29554548
97913923
86585798
39320173
24867048
36976423
94398298
40882673
45179548
1038923
27210798
67445173
90492048
90101423
85023298
19007673
60804548
4163923
67835798
95570173
56117048
43226423
75648298
97132673
76429548
7288923
8460798
23695173
21742048
96351423
66273298
75257673
92054548
10413923
49085798
51820173
87367048
49476423
56898298
53382673
7679548
13538923
89710798
79945173
52992048
2601423
47523298
31507673
23304548
16663923
30335798
8070173
18617048
55726423
38148298
9632673
38929548
19788923
70960798
36195173
84242048
8851423
28773298
87757673
54554548
22913923
11585798
64320173
49867048
61976423
19398298
65882673
70179548
